0 145 196 55 158 767 180 33 49 519 186 15 44 714 187 33 76 0 194 63 345 548 187 24 68 640 186 38 81 591 190 28 68 186 190 50 174 399 217 130 306 38 216 190 310 223 190 181 341 
1 766 179 32 49 519 184 15 47 714 186 34 77 0 208 87 315 591 192 28 64 548 188 25 66 639 187 39 78 185 193 52 168 401 217 125 310 43 213 189 318 239 184 192 348 
2 772 180 23 45 519 184 15 45 713 188 33 75 183 193 55 166 547 188 25 65 592 193 26 64 639 186 39 78 0 211 88 310 59 209 188 322 413 213 108 320 251 178 181 355 
3 501 184 16 53 764 179 34 50 712 184 32 78 518 184 15 47 638 187 40 78 592 193 26 64 547 187 26 68 186 196 54 165 412 215 108 308 1 212 88 302 66 212 181 315 269 195 177 325 
4 501 185 15 51 764 180 34 50 517 185 15 47 547 188 24 66 592 196 25 62 640 186 39 77 187 195 55 167 2 210 85 305 422 210 93 319 273 195 179 324 73 204 172 325 
5 771 180 24 44 517 184 15 48 545 187 25 65 636 186 44 77 591 195 25 61 187 195 58 161 427 209 84 311 0 217 99 302 282 167 181 374 76 207 169 328 
6 452 185 31 56 502 187 14 45 546 183 28 59 517 183 15 45 635 187 44 78 591 195 26 62 195 195 57 160 292 163 196 386 0 209 100 316 77 204 161 335 
7 502 186 14 45 482 185 17 50 454 184 28 59 710 185 27 74 545 181 29 61 516 185 16 43 636 187 45 76 588 194 28 63 198 182 54 173 282 169 236 371 0 198 106 330 81 202 159 333 
8 501 187 15 45 709 184 28 77 516 185 15 42 544 189 31 62 638 187 42 74 589 194 27 62 200 187 54 162 308 175 204 361 0 203 112 323 91 208 152 325 
9 751 178 33 53 515 183 15 44 708 186 29 76 638 188 42 72 544 187 27 64 588 193 27 63 203 202 52 146 292 165 237 373 1 206 119 315 99 209 149 325 
10 479 182 21 59 704 185 24 78 750 179 34 52 500 187 14 44 543 189 26 62 514 184 16 43 640 189 38 69 204 205 51 142 587 193 24 65 2 204 121 322 303 162 240 380 104 211 147 321 
11 201 188 54 136 753 178 23 48 499 186 15 44 514 183 16 43 703 186 26 76 542 188 27 63 643 188 33 70 586 190 26 67 306 163 242 380 2 204 127 329 123 200 137 331 
12 754 179 22 45 512 182 18 45 499 187 17 42 702 185 26 78 542 189 27 62 644 189 30 67 585 191 28 65 1 213 152 320 327 162 247 384 123 203 145 333 
13 498 189 17 40 755 178 21 46 700 185 26 78 645 189 29 66 538 189 24 62 585 190 27 66 342 153 227 396 3 215 153 312 131 212 135 318 
14 335 214 78 298 499 188 17 39 756 178 20 45 698 187 28 76 533 188 29 63 647 188 27 66 584 190 28 65 343 160 229 390 7 212 148 320 138 207 132 330 
15 756 179 20 45 500 188 18 37 698 187 27 75 532 189 27 64 582 191 27 64 645 191 27 63 336 212 77 313 148 201 129 341 372 176 175 363 9 200 152 334 
16 743 181 17 44 756 179 19 44 500 187 17 40 530 190 28 64 696 185 28 77 582 190 29 66 324 233 76 314 646 189 27 65 151 192 128 351 381 172 171 371 10 193 157 341 
17 757 179 18 43 174 183 43 85 532 190 25 63 741 180 18 45 502 185 16 42 581 191 28 65 695 187 28 74 645 189 27 65 328 210 93 327 161 201 132 332 386 179 172 355 14 186 158 355 
18 175 184 42 84 758 180 19 41 739 180 19 45 534 189 24 64 502 185 15 44 0 245 55 299 581 190 27 65 694 188 29 72 646 188 25 66 323 213 100 319 165 199 128 334 390 176 169 363 16 183 169 359 
19 758 180 21 42 738 181 19 44 178 185 40 85 532 188 24 64 0 260 59 270 581 190 28 68 575 189 23 63 696 189 26 68 645 188 24 65 309 213 105 311 401 159 176 389 167 198 129 337 16 179 175 362 
20 738 179 19 47 400 184 27 58 531 188 25 63 695 188 23 68 581 189 28 69 4 199 75 334 645 187 24 66 302 222 119 285 409 169 169 374 171 191 126 351 34 184 163 362 
21 756 180 23 41 736 178 20 48 537 199 17 45 696 188 22 67 575 190 24 62 581 190 28 68 530 186 26 66 2 190 84 348 645 187 25 65 295 226 132 284 417 172 164 365 36 182 163 368 177 190 122 356 
22 735 177 20 48 537 200 17 43 581 190 27 69 575 190 24 63 532 186 24 67 642 187 26 65 2 196 85 338 293 229 136 293 424 181 159 351 48 180 150 374 185 188 117 360 
23 623 183 20 38 697 186 22 69 392 186 21 43 580 191 29 68 574 191 25 63 531 187 26 66 642 188 27 64 3 202 87 331 286 231 146 289 428 183 157 345 189 196 113 347 57 181 145 365 
24 696 188 22 66 623 183 19 38 580 192 28 66 574 191 24 64 187 189 43 185 531 185 26 67 641 188 27 64 5 205 92 325 294 226 133 295 436 188 147 335 192 201 114 337 61 182 144 370 
25 378 189 31 64 535 200 17 43 580 192 28 67 531 186 26 65 189 185 47 156 641 189 28 63 4 248 91 291 194 206 110 332 283 230 139 288 436 185 151 340 64 186 143 368 
26 574 191 25 64 375 186 31 69 188 187 51 155 537 196 16 49 640 189 28 62 443 167 168 345 5 247 94 292 196 208 106 325 284 224 134 300 67 189 145 364 
27 441 185 17 55 368 188 29 68 538 199 14 45 573 193 27 62 185 192 55 147 640 189 28 62 6 246 98 289 198 208 104 318 450 166 161 347 280 228 138 297 72 196 168 353 
28 442 186 18 54 185 196 59 133 574 195 27 60 200 212 98 309 640 189 27 61 7 253 103 280 267 222 148 307 456 166 157 350 82 186 150 365 
29 360 195 33 62 736 178 22 44 202 192 48 132 573 194 29 60 640 189 28 61 9 264 103 264 268 213 141 323 88 195 141 353 458 177 155 353 
30 753 182 21 37 442 183 16 56 735 178 23 43 572 193 30 60 639 190 29 59 11 262 109 265 241 219 165 310 94 195 140 354 464 180 150 346 
31 725 181 18 44 228 252 80 280 752 182 21 36 212 189 56 182 442 183 16 55 572 191 29 62 736 178 22 44 348 190 34 65 639 190 29 59 14 263 107 262 246 242 150 293 98 191 142 363 469 182 149 344 
32 572 191 29 63 751 182 20 37 212 187 49 153 0 227 46 276 737 179 21 43 726 180 17 46 346 189 33 68 638 191 29 58 26 257 106 274 241 214 156 321 470 185 150 336 104 194 134 358 
33 480 189 17 38 726 179 17 46 737 179 23 43 0 231 50 266 638 191 29 57 343 189 30 71 32 256 105 280 238 212 153 327 473 191 150 324 113 191 127 360 
34 209 191 51 131 1 244 50 244 725 181 17 44 481 189 16 40 739 180 22 43 638 191 29 56 340 190 29 70 36 255 110 284 474 182 147 315 239 205 149 342 115 192 126 356 
35 764 182 32 55 725 182 17 43 482 189 17 41 737 179 23 44 332 195 31 65 639 190 28 57 38 256 115 282 477 201 143 304 227 252 159 283 118 202 121 339 
36 725 182 16 42 737 179 22 43 482 189 16 42 331 195 32 64 639 190 27 57 40 258 117 280 205 246 169 293 488 178 144 323 130 198 119 342 
37 432 189 37 69 764 182 32 55 481 190 16 41 737 179 22 44 724 183 17 42 329 194 32 67 640 189 26 58 28 252 137 283 140 197 104 339 491 184 142 310 207 245 160 295 
38 3 215 82 299 466 190 15 43 737 179 21 44 329 193 28 69 431 189 35 69 763 182 31 55 724 183 17 42 482 189 15 46 640 189 25 59 27 237 146 312 146 196 96 341 199 240 167 306 490 178 145 319 
39 1 212 86 306 738 180 20 43 466 191 16 45 725 183 17 44 268 213 103 318 152 194 84 340 419 190 35 72 482 189 15 45 640 189 25 60 16 211 164 323 195 250 166 289 490 183 149 310 
40 466 191 16 41 738 180 20 43 724 183 18 43 482 190 15 42 263 247 111 296 415 191 37 70 640 189 27 59 188 242 163 306 13 212 171 321 491 176 153 319 
41 737 180 21 43 724 183 18 44 482 190 15 45 640 190 28 58 412 193 35 68 253 243 133 298 12 212 172 319 184 252 164 291 490 179 155 315 
42 446 196 16 47 737 181 22 43 402 193 37 72 724 183 18 43 483 190 15 45 641 190 28 59 21 238 151 310 277 212 133 327 487 185 161 339 159 260 165 276 
43 443 198 18 46 736 181 22 42 724 184 19 43 484 191 15 44 397 196 38 66 19 234 154 317 641 189 27 59 139 258 177 282 278 211 135 331 488 189 162 337 
44 735 182 23 41 391 198 40 63 723 184 19 44 484 192 15 40 642 189 27 60 129 255 167 284 282 206 124 338 491 194 162 334 
45 465 192 15 39 735 183 23 40 485 192 14 40 643 189 27 59 115 253 183 288 282 210 125 336 493 194 163 340 
46 441 192 25 57 484 198 14 41 643 189 26 60 109 254 188 286 289 211 124 331 494 198 162 334 
47 735 184 24 39 439 192 26 56 375 206 40 70 484 198 15 41 0 252 92 285 644 189 26 59 94 250 204 288 293 209 127 336 497 201 158 329 
48 735 184 24 39 280 199 56 127 484 197 15 44 644 190 27 59 0 255 91 287 182 202 123 337 66 248 225 297 297 204 127 346 499 202 158 328 
49 281 204 52 149 484 196 15 46 645 190 26 60 0 256 91 283 66 249 199 303 192 207 116 327 300 213 125 330 501 207 156 323 
50 754 185 18 34 484 197 15 44 1 252 91 292 647 190 25 60 55 252 221 298 314 212 117 330 207 206 115 327 503 208 155 321 
51 465 201 15 40 443 197 14 50 754 185 18 34 429 199 15 45 483 199 15 43 647 190 25 59 47 261 232 284 319 211 119 332 507 202 152 329 209 205 118 334 
52 429 200 15 46 483 198 16 44 648 191 24 59 23 272 227 271 319 219 126 317 512 206 145 326 212 202 116 337 
53 428 200 15 46 444 198 15 51 483 197 16 45 648 191 25 59 15 271 232 267 326 218 128 321 514 205 143 333 212 198 118 336 
54 808 188 20 42 428 200 15 47 445 198 15 53 482 198 16 45 648 192 24 59 10 281 226 255 516 201 160 337 332 231 134 309 215 198 121 335 
55 465 201 14 41 776 189 20 37 809 187 21 44 429 199 15 51 445 199 15 54 482 199 17 44 131 251 119 213 648 193 25 56 7 284 218 250 337 211 129 333 519 197 154 338 223 202 120 337 
56 465 203 14 40 807 187 23 44 133 253 119 217 429 199 15 50 445 198 15 53 481 201 17 42 649 194 25 56 3 288 219 245 523 199 151 334 348 228 127 314 223 201 122 341 
57 445 199 16 53 429 198 16 51 481 201 18 42 653 193 25 58 132 242 122 254 7 299 206 233 525 196 147 342 345 217 135 322 230 205 115 331 
58 445 198 15 53 430 196 15 52 481 201 18 42 654 192 24 59 5 304 198 229 128 238 128 261 528 199 145 336 345 219 138 317 232 198 118 340 
59 756 191 20 32 446 197 15 55 430 196 15 53 480 203 18 41 654 192 25 59 2 307 189 228 128 229 130 283 349 217 135 319 532 200 142 335 241 201 123 339 
60 494 198 13 42 757 190 20 33 625 193 22 32 447 196 15 56 431 196 15 54 479 204 17 39 0 264 171 282 655 193 25 58 147 261 106 263 535 199 139 333 356 216 128 322 247 199 120 338 
